2155739498
6163113432
1042866986
1648646772
6223990104
8114863154
6545202981
8528304650
2467532627
2774624544
8756658535
8322808267
6524393330
0388300019
9059782429
1724400239
2906617556
2575622808
8067802618
6569248609
8382149813
2970655088
4995985058
8350327042
3152960124
9036278654
6141192438
7558556406
0627648412
4937506786
5531709411
2515738521
9694640207
5375520887
9269464550
7760028561
7276919601
5660306529
1643147699
7276630331
7017894497
8256067110
7081236933
0434206311
5185956730
5055343167
5440700620
1787606334
1616572484
1291508631
2068382765
0363497405
2813830864
6509272092
5120213400
1741263844
7976552900
2307676572
4289188650
9780284505
1284914331
3648796512
0321732158
0809990722
3175429243
4899396535
1622923882
2015177361
0150750418
0087607220
3249188790
5105709542
2135036057
9060522831
9519580668
4851423666
0008724289
8411740900
4370594599
4348698421
3489342293
5914808158
4038179558
4036676742
6630524177
1666755933
8332627734
2643479217
7225707799
7353601434
7305682743
5552710129
9992784733
4642900574
8878983247
6851593561
8819634330
4458679932
8455466802
2634366220
