7894241673
6957752218
5963466733
3108739139
8339033586
3730051134
1443853992
2920932430
1257786780
0288308270
7207416265
8632354454
9560132405
0846791407
4878743598
2449053008
6718586306
7269690244
4126230163
1027410382
8202793267
3028175056
7325254565
2786386618
3961220677
4184024228
4194905849
6216522151
6270677401
9688232461
5953142847
0830332518
4654004576
7553322017
1717984015
2460054312
4264849583
3669080000
7485427929
1453005360
0683859095
8004609481
8368973693
3599356672
9527965930
3102902984
3169540539
6455809372
4785517396
6646334648
8505177238
3134407276
7375130178
5022611644
6808364909
2733564729
1213375072
7334855859
2862963882
4032846826
9360340508
6007137964
2768260839
6121706173
7014955430
8249190121
1788610194
7374974951
1335621858
5075783916
8884466929
8491924058
6611181349
3798122119
2407314081
6502893314
8652031746
3906987283
0139959106
6817044011
5989367624
8954695002
9182600030
1094343592
9495267330
8459501383
7466032743
3500439586
4497625717
5290310704
9118173041
2559142470
2240784190
1421816076
5059228532
5551560556
3269492725
7495504184
2463127045
4089683165
3992855496
9218160858
1250828754
3812882374
5063091344
1835825593
5692610036
0534628036
1785422682
3904774753
6614905951
5911093442
5046856716
4002520461
4895325329
3342370819
7349049070
2252279199
2440248505
9039487345
0322515122
9966238975
5108905529
2300363514
4376239574
8040443418
6235691863
7182607492
7675891864
8573886462
9374563553
3452448170
9005762335
1778244274
1026320018
3050736398
2348761876
4577703272
0520003228
6373088355
4629299589
0618330446
3715368690
8343734412
0122186482
4618771920
8489342540
0477477775
2827988168
5692852758
9381147725
8988970938
3157379671
4845661925
8830266931
8507180964
9578412159
6407323038
0116354475
0183491740
1481311320
0953523745
9302149231
9551438186
6605921121
2558208220
8445455221
2456524128
5869260121
5363308028
1079920560
9611529649
9826625428
6890035591
9570652158
0072028187
3009007318
1095916638
8229283227
3949698641
6482252018
9139111441
9568818565
4168200114
4920281447
6338045650
8368971046
2057022799
8749018891
9890734723
3669593107
3526485325
0248649318
6583370667
3127498231
5504519636
1966064787
6937642870
9959953613
8891300729
6475399355
9559554040
3777843716
1868090372
9977476773
7122536614
7781987910
3791029481
5579270059
6354156400
2144270204
7964668269
7009328251
8598095905
1819702633
9144873423
0268101152
5225829036
0136374307
1650726678
5250408948
5030251370
3424668300
5247335630
2594050093
9805742458
7428487469
0512760060
1727488890
8946036653
0397091685
3600180768
2253486094
7621789679
9638314569
0346111535
5886953157
5195858392
0677151184
3722851518
5463718389
9750230563
3423437289
5410059047
0412749259
9219204554
1624505031
3506096119
1003034956
3999313457
4983725790
4381993187
3729916397
4242239379
7712560172
6623449269
6690556770
5831755622
2325625274
2963598969
8179626107
6554016625
2489889057
8695269788
8851925627
9472572280
5570926847
1549739200
7740844356
3578588125
1083366030
7904903553
6476942773
9851400796
7355446981
5633419705
4730135903
8754060509
3529857998
9196956847
3948786183
6112041649
3745795500
9739059812
6862498541
6374056280
0202578288
8334751954
6176571974
2834750680
5560616001
9605149281
5508843408
8371819511
5964363303
4045313354
4357379555
1363463304
5171719891
9490296466
8825108317
8853243480
8342337524
0703068045
6638228640
8104261247
9525272347
6657701479
3040538800
2748665399
6187812356
9597226616
1446701810
3104005329
0883946202
2032227197
4430921481
3894379520
1699123656
7769147405
1549365589
1617591899
1233278233
9626796004
7799408754
5440157445
2398429900
5831854037
8619031086
2932020915
2763067121
7625924271
2339718072
7277555786
1293391641
1969019187
9855710515
2018791701
7618555589
3776375378
0156018283
2039385406
1907809944
1147377529
5878913289
8223065831
3645204556
5240309961
6227813354
9138318129
5748552963
8559430848
8247489683
8696230236
5806619841
5310683045
7435178032
4578805204
5750298377
1615698897
6870810986
9748033200
8483866392
4348062479
4614528597
6153972120
3204782011
6681803249
5241245149
2235864544
8569720327
0203653519
8108645458
2909341167
3745998272
5861240280
7413308032
9125141942
4980748684
7014759192
6245489697
0263386127
6748575236
2799740409
2892118116
2275563100
2090308902
9600504133
8123375342
7583225782
5944671349
7095854729
7701779408
8207746816
1947033630
7436061029
5673149101
2882891737
0792581922
5344634108
9653116465
6618807590
4714815507
1514799774
7483800753
7379716401
8921651165
2102794946
2560288985
4940984972
7245585524
3725552005
7775118190
7455031383
1302485120
4163447210
5347094923
8193832817
8796050973
9449326957
6155304657
4387127751
6664598870
2399805055
6494269996
5563441341
9093506506
0710128458
2876691003
2097103114
2135024202
2432230584
2959717678
7701819809
6575641367
7863868823
6421284366
4380392150
0834742059
1124395030
7548280138
5837749440
4759129572
4005832662
1772246701
6773848789
6330489269
5921131061
8866364278
1449130150
9924668498
8671116573
6380190004
2953370525
0198526980
3808932376
1587971079
7948908369
8683582506
2262131711
5119408545
2310633801
9258085353
5132715478
6126728929
5940301232
3347817931
0009258736
2297162822
7064088728
4343018030
0123381355
0950426633
2661205450
4534644888
6222610335
7520375943
1860836062
9419320959
7960665486
0771997354
5119113554
8275839001
1668022147
7824435804
5173477234
6401090793
2184588117
0826845648
5703843424
2267153472
3264529586
2960048699
3702432854
4739159902
9200685047
1115545408
8979140163
5541117658
3886525620
0232077775
6723274494
8030732673
8388739264
9145909840
7035375323
5442281103
7349256687
1771291786
5146260898
8713128681
1641778124
0922899902
5663756680
0962836040
0144561557
9277043030
0152728830
1050091017
5035019152
5028925104
1129256575
1994748204
5082603712
7690240931
8001499042
3972789825
4980103757
1641737378
7797950236
3252502695
1266210970
2439143806
5438164344
2426814006
6909063570
1188048687
8871010243
6936564651
4580107623
7599492523
1264743186
6932192588
2676886342
6073590577
3913678261
7608516546
4779827375
6777823985
4798134732
5621675661
4955597997
6176332451
1093921680
6721126613
0814091030
8769521806
7259622495
6639512214
0986986879
3362382522
3920614497
2700745498
6249261158
0494088797
0819827566
6583642995
8921542116
4085952102
0717350725
9856819737
5512726919
4322643455
5117083166
8159830303
4935029619
5574989949
1962741511
2094279393
7495573637
7648866575
9849909351
8546911635
8418937944
5655764443
2912394758
5779181475
1974346516
8962649594
1839513239
8681318423
9472669445
7666464263
1615912848
3569356500
3550107225
4809372017
1422690809
6379826201
1699536281
7002645154
0361399119
2854034524
3560463956
2631112581
8155444389
9006936917
5276159271
2464313994
8131204747
6248014383
8086272231
2057786852
3090315765
7030195863
6737705032
6606790212
5721749568
6324666967
6592489350
4878334354
2091044544
6212994076
5349156013
6802241379
1364711427
3494138255
2749561092
9719165399
4129596338
5919254733
8761448890
5532959602
9989745262
3844386079
7499756701
7625704239
2984931931
0532586292
8293561250
7789360547
9044941890
3269326248
3662532139
0767509819
6600627187
8394158400
7574217390
9912502457
9962944084
9643868655
7739452381
8108542445
9552791349
9400845541
6121154294
0966483760
4502695891
5431617481
3389807655
0601446823
2982724771
7214788166
9316686443
8950333181
3825883726
0287733972
5697276619
1319237955
5871177419
1177084800
8299353792
9867016265
5840712443
8426729865
8746207696
4243186265
2351934772
9908124347
9486108510
0548352736
2176429166
2601494481
1373072715
5439670541
8435271088
5110079954
3019709378
7949090420
6612280905
7460359483
7223915279
7231915074
2852836913
5964762348
0907681536
0566847075
6328182853
9910169405
7207180134
1171252583
2173844392
7128008687
7172449836
9980271896
8407930277
1752264694
5845962887
2156969397
0383054642
5556577101
5109844870
1517825828
5205644585
7923864150
2941824655
7054833329
4965974389
2938916910
7119329263
6912582663
9811365143
4889406538
7021804845
7489875762
4704056594
7249679771
0014293003
8734336834
8013116351
6975289844
9973022188
8555861660
0761875590
3690944167
5031456521
9420774283
9483018916
4315145165
5169626561
8880803063
9406682399
4175504854
1936677332
4666106801
5615930360
5872282195
5882369180
2334090285
3368644740
7194146528
3587800619
2985282247
1209854359
7355257629
4530882233
4030978347
2497908130
4099679727
8413809014
1111100461
3229438946
1760569308
4748785831
4353873009
6444580047
7774127642
8315609738
8406571163
5650562973
4037547525
7776025295
2111595448
9605233659
1282696155
1260372030
1971244539
4095709266
4131880505
1116773755
3284719995
9273092665
0388762675
0676049531
0968933077
5848407650
9959292894
6926160816
4257718676
0968477629
5859717625
5461576634
5699138949
7924551022
8902233357
7725486412
5029064122
9036260464
3976126130
0635591174
0053636816
6133256339
9057414037
3683869707
8817141076
2374951675
7032592270
3627355464
5169081563
4444662277
7720379082
3823625959
6691527575
3671255490
3955579348
6651390133
2048241538
3164992939
6613592639
9049692579
2381704195
2931180765
1407883880
5413419060
8932979350
1998077382
7595653490
5855983805
6289233091
3999119448
8885806524
7278613165
3936345611
0469159104
9372256838
2151983326
6742199802
0022006043
2763933797
1537411512
0127835523
8816288485
9421951208
1505284417
0001837232
3371186745
4653379085
9429906508
5069256180
4039889100
3984190795
7277712267
1335162322
5069331965
8861785696
2321193451
6798876817
5844375401
9702907894
6984249854
6849841523
3763358605
7082943146
6781450580
3254536035
5004617173
9450114487
2278030495
8517386641
1049147210
3058479626
3514017536
3465719049
0316784216
0834964315
3752084488
9657642667
2634839009
6741229478
6248187376
6520048166
7854830848
3325809977
7872821064
4642755966
7182214886
6237035946
1738896739
1924091378
2113565664
1582574388
1407374752
5369280438
0043251825
3934140921
5262320192
5906627195
3427698355
3463873700
9904659826
3469728715
4776349370
2907556471
5355535163
6944328447
7359255530
7755515868
1897162717
3768102336
8411635132
4073902642
8810425196
5225422495
1991133762
0111173599
2952014232
0988339488
3141412222
3398183165
2234990693
8143531445
4930625774
0915203482
3134247466
1071822687
2091180604
9209095614
1808856205
3540495056
2384564750
8623930920
5483574298
5029117948
0411335015
3672827708
6419757579
5656175368
4916161135
3633040293
0470485052
7064400392
8950149458
9294435678
7805209011
0793008924
6977971031
4088956333
5850594132
9490714806
4083417341
7657859799
8830623791
5431065027
9614188950
7758277909
8581690811
8368432796
8965442994
2699842608
5341471711
5078908410
7519372423
8698875816
4844256150
7755968493
2051992484
0325790079
9793841279
1839033191
3506590912
1756528725
4978871761
7969614516
1683207486
0441307470
2883529431
2382938947
3174473405
3452441597
3559006109
2034990052
4426292450
4350258142
3018291349
2564240633
3660478823
3424327221
3852479072
2106868270
3254953121
1512881316
4644090943
9096315273
8184647643
4494647126
3294781504
2237582260
1075233907
3101701531
5297189803
