99112159
65250322
94497081
76903049
39594206
84399120
12926313
36682624
13396598
84870527
89648300
16580198
66887979
43734789
94753269
81746893
69498040
81903176
19310320
13412629
26821333
68042542
57857016
16868854
82352689
80751515
98834137
49864061
17750227
48646010
88827554
00863934
13263613
96828406
45266512
51001315
06257472
09686478
28423740
61936640
18111892
72016836
43391281
96284668
30835607
76048668
42833704
23040098
10451439
79899835
45325074
91846343
71911459
20352385
52839603
92014998
01905861
00361340
69490086
05095033
64496591
82367165
99379020
59775301
96163173
98194512
85507977
77470285
76651796
95510834
78807510
18779515
81928268
93438217
11844514
67131442
09358754
63309940
30976440
51382770
13534038
04445743
41850184
55266255
13209965
64604735
55182031
91822884
70192719
28253042
69359823
80455324
21980735
94072682
46409427
58735875
90686273
71161759
21238687
14620987
83118936
81637221
11727985
25751975
36625948
39053777
12410222
89729336
84221704
05002744
10678446
83314859
73468044
99295195
56851411
05950763
48929524
68998843
00248310
83501372
14253322
41976891
99642833
08912422
35422534
05325924
25526272
36252773
88731075
15583111
21812168
24472247
35526744
12212428
24709210
89719127
64956367
67674539
24028062
09468489
82412478
77114408
41449673
04747130
12065627
12409602
53675324
47063267
57486739
60805723
92448119
64400343
09230030
86638413
03524139
75432266
86744889
73688068
29910147
44491704
44616128
69377485
89780625
45650468
26645139
04735385
73634317
02431912
04299602
53135365
49779078
07294798
48521348
37057601
05344300
02144592
14207719
98666004
03427417
47671608
57412333
46904631
97882553
48754850
29345733
60021394
28692746
69354920
83023206
02534641
43602232
17074647
28886453
37768335
65226192
85822208
02566431
50759157
66690864
54437762
03642224
84987037
67725982
76352767
48488073
98309466
69222024
82759341
88928795
17260375
17370063
49940861
11854788
01711380
80986621
44191093
68592103
61373166
23783849
20501993
28558766
06766593
74111241
47477240
08777051
00747096
58847588
52831867
85070879
29195978
92003850
67855252
86827724
12759023
07249847
76987457
39753818
09172689
13763070
05682171
33684773
27522629
08102277
13373181
57994356
47218007
30291618
41247099
73359298
80485316
08473406
03266072
37029892
26341148
50251070
82157863
19383433
10790800
79916044
80442955
39804643
39087417
48291698
99227519
54010645
93086728
77166640
12717486
36018136
52311687
48177049
88014667
37660725
70139443
59904596
03218559
76871293
48979266
65037004
17572981
03638514
59558273
92524868
26707017
34826902
86340328
64759735
29689723
09603024
72048068
43219026
00753255
86793472
27316269
70040565
03987219
13918340
78309314
09316952
19806449
36891775
38067098
88483924
75289205
38315484
78468395
26193233
17954704
08296865
57503769
62339862
29125248
80770164
56968977
14792348
17893452
66899381
13854907
93163658
42474411
61653484
55122084
93633018
76154988
97898668
89806631
67462429
71056133
30432800
31574986
07528389
96432674
65096711
77378457
74504078
50917841
90313204
84818656
49562560
18670929
73814341
79862655
68433730
39776661
98115450
72234506
35757042
40340190
38766608
38619807
86881055
76438528
68560502
27348460
09977579
93936719
07819665
17889611
21101179
54211378
38913873
05476601
52369045
38735708
03743657
44710121
89099135
89580522
61551173
76391114
81502571
12994805
80344064
58937358
02649569
64322142
64101768
86040195
51185210
45111977
63207753
09601734
71853312
04944302
16770966
57910584
09675290
65521191
66312543
80347868
61038942
69174078
37032552
24307487
44189903
32245180
62033842
11951716
92055953
59426436
48482857
91401617
06358020
80547667
29883628
32649748
25936177
70142025
18109903
11033805
13520768
90044122
75719650
31796012
15630864
89189217
66342406
44893565
18036201
28311292
82200364
00345511
18446697
07108767
82519179
24202308
71457647
89317837
98863374
01614359
03990440
52944442
59216465
09978267
80298654
81774312
78489092
24340545
31552215
23618432
36314947
07995214
28951648
28125134
08393670
99948795
58619526
59684633
19712862
29863559
91279793
99418975
15646606
63748755
04811561
67668527
96076097
90108318
23967573
57587508
48728408
13231680
22629864
54830668
22007022
84484638
13917724
50401394
97068022
16014372
72650842
29277584
56548114
51767225
87608285
99319998
61325829
48435794
63962229
11834449
34841440
81528254
97877743
67138405
68729524
07525933
65135229
22850175
93147873
66573394
35351838
47403200
95874645
49474575
43260624
51182514
76666284
56281790
78155911
52777581
62245217
34660695
32443413
35675729
28072919
12013965
42680997
65978183
04911094
35551038
98922396
57408217
15650979
57145106
56291161
58274017
15613886
83292136
73326219
40389602
27295410
65556853
68305464
40992857
57031236
70001718
84945327
11413154
55492535
17831063
92575446
44277055
71282349
63945471
14234268
29977371
62285943
46636859
73954733
87263873
59783530
77141458
95431466
43497794
35265679
31711118
26528699
28815191
62878392
82867570
40557496
37690728
63147867
20363227
63269837
37021000
77497315
57739816
57569695
70022590
46978302
56575751
10317327
49095040
11161077
69257549
86954764
10893732
70733644
96890115
68075762
91406325
64131344
38065971
60642417
97975985
26328097
13861440
03638539
76537459
73072763
85928845
51468350
17143417
28218566
74376551
85821741
18624615
62260865
82700579
06079381
16400157
30699450
76706896
26729551
42840768
04643701
60561881
85164937
63123759
79257472
90538493
48826014
63244759
87422831
47926034
35765744
53645263
35434027
37302192
97902760
74826820
99156635
63772118
40804933
66517596
94456693
11896668
75661782
18402839
86658000
99317125
81485986
58054591
64425034
77513038
44264306
24399992
08800264
01640632
46520907
73295817
30694625
05929216
65542168
64512150
16042258
03152449
25474896
75789818
34147407
66072647
63262221
34979863
36253378
09101015
68473497
49421615
11883322
68356343
90208805
38514584
72098996
04544032
18079993
71527577
20349510
07880298
69351915
43812342
47094366
08100034
02973039
68645001
51290557
43006017
59899368
32439470
63146009
45025119
50012285
24125170
62986122
47766773
25229437
57664318
37090062
19321145
02143582
95993889
80519061
83092739
39705427
51446715
84303507
07165968
82232649
60608062
07078484
44335691
62795021
03494529
27773864
66584405
46878710
31669273
71855372
95716938
94939094
64717708
05614787
81184982
43644356
85845896
29061624
69432959
37001338
29040988
29587922
71331445
55132046
25513220
95387741
80257121
73439493
33810524
53406982
11955072
20393186
48061006
19343784
46822378
63018093
52804720
27619691
83349637
40943673
27173331
78720669
69046152
64643525
72287156
71738793
46379574
87868417
51963555
46109593
16837063
14833489
12703048
34163674
71570937
43906944
69783561
16323430
44786137
93225496
97511060
48794849
59872601
65506897
72760077
94606787
82334088
44565207
42282658
62462086
32421697
26816151
97357732
07141542
61631017
20058767
73102929
10650249
66444598
14917577
88285823
66271503
64854896
90636966
62656062
48084811
85173624
68679007
93054222
66149002
95855560
08311525
46216973
39787774
65219384
46739448
98376118
78635060
99107372
18977069
86746155
68743083
82117179
77946605
23667513
48171241
50757942
01558444
88426579
75293899
83838270
70624702
40611052
53159360
43865849
36378947
35681211
81434909
43997058
45645138
94969677
31218324
44442855
01793648
66111175
28532887
29250738
52981360
64909493
25259928
57841877
77828922
10410660
68718057
74246282
64224765
56451606
18780774
91304368
32937794
04001649
49004312
19531352
67065806
97994419
33462975
38275987
64265080
27523807
63583924
97156350
49501211
14256437
79121302
06960303
25046351
63671974
57473606
41096266
05588428
38278765
20450756
52071508
80739341
90711297
10342776
20004616
49624228
22861492
28369554
01068690
48795546
28659483
89592083
58202909
32196061
58953019
40739082
00001841
00862043
75654411
29261502
92893181
09231185
37856810
63627924
73958319
87883677
25074675
79765763
55676344
05227649
93710727
28280612
40101989
80912603
41229180
39418916
38134718
97732687
17268775
28788320
30956700
53875205
62593102
64939603
19879823
14664154
24081921
41157813
37852185
38252186
58745504
64755765
40067189
96081335
06938203
97154746
54089766
55528807
30661888
01174427
70891048
56228146
31861862
64587183
92321114
68254306
55747753
11339291
95734062
95985206
55528823
34802204
52303489
76612683
39352690
35163679
73559060
28220310
43431542
75132521
17038513
53987973
86811851
11220211
87293458
79166790
62061455
64971668
72657433
83856699
29070808
13285848
51257428
91005254
10232087
62463803
97263129
35234676
98736820
26506295
62772607
59373952
36780982
07155783
52900042
03106986
58036047
11436687
51947168
96193422
39716326
43479877
10924733
06172074
34636259
99629221
97026444
17287624
66617370
36264790
66421645
66454865
66905717
45435244
05467092
45267565
71230891
02454464
60955340
08181595
32124408
72633975
75677911
04932777
50879943
11548953
00080510
93393832
48283851
47191540
38385404
72329962
63176229
25247876
89452085
43291105
51520201
53227176
15271331
66089123
09952277
04200135
42723094
96616278
07279423
87211783
23471828
75019676
24835900